0 FILE 3455.dat
0 Arch  1 x  6
0 Name: 3455.dat
0 Author: James Jessiman
0 !LDRAW_ORG Part UPDATE 2005-01
0 !LICENSE Licensed under CC BY 4.0 : see CAreadme.txt

0 BFC CERTIFY CCW

0 !HISTORY 2004-11-15 [guyvivan] Made BFC Compliant
0 !HISTORY 2005-12-28 [PTadmin] Official Update 2005-01
0 !HISTORY 2007-06-25 [PTadmin] Header formatted for Contributor Agreement
0 !HISTORY 2008-07-01 [PTadmin] Official Update 2008-01


0 BFC INVERTNEXT
1 16 50 24 0 6 0 0 0 -20 0 0 0 6 box5.dat
0 BFC INVERTNEXT
1 16 -50 24 0 6 0 0 0 -20 0 0 0 6 box5.dat
4 16 60 24 10 56 24 6 44 24 6 40 24 10
4 16 40 24 10 44 24 6 44 24 -6 40 24 -10
4 16 40 24 -10 44 24 -6 56 24 -6 60 24 -10
4 16 60 24 -10 56 24 -6 56 24 6 60 24 10
4 16 -40 24 10 -44 24 6 -56 24 6 -60 24 10
4 16 -60 24 10 -56 24 6 -56 24 -6 -60 24 -10
4 16 -60 24 -10 -56 24 -6 -44 24 -6 -40 24 -10
4 16 -40 24 -10 -44 24 -6 -44 24 6 -40 24 10
2 24 40 24 10 60 24 10
2 24 60 24 -10 40 24 -10
2 24 40 24 6 40 24 10
2 24 40 24 -6 40 24 -10
2 24 -40 24 10 -60 24 10
2 24 -60 24 -10 -40 24 -10
2 24 -40 24 6 -40 24 10
2 24 -40 24 -6 -40 24 -10
0 BFC INVERTNEXT
1 16 0 24 0 0 0 -40 0 -20 0 -6 0 0 box3u2p.dat
1 16 0 24 0 0 0 -60 0 -24 0 -10 0 0 box3u2p.dat
4 16 -40 8 -6 -40 4 -6 40 4 -6 40 8 -6
4 16 40 8 6 40 4 6 -40 4 6 -40 8 6
4 16 -60 0 10 -40 8 10 -40 24 10 -60 24 10
4 16 60 24 10 40 24 10 40 8 10 60 0 10
4 16 -60 24 -10 -40 24 -10 -40 8 -10 -60 0 -10
4 16 60 0 -10 40 8 -10 40 24 -10 60 24 -10
4 16 -60 0 -10 -40 8 -10 40 8 -10 60 0 -10
4 16 60 0 10 40 8 10 -40 8 10 -60 0 10
1 16 -50 0 0 1 0 0 0 1 0 0 0 1 stud.dat
1 16 -30 0 0 1 0 0 0 1 0 0 0 1 stud.dat
1 16 -10 0 0 1 0 0 0 1 0 0 0 1 stud.dat
1 16 10 0 0 1 0 0 0 1 0 0 0 1 stud.dat
1 16 30 0 0 1 0 0 0 1 0 0 0 1 stud.dat
1 16 50 0 0 1 0 0 0 1 0 0 0 1 stud.dat
3 16 -40 8 -10 -40 24 -10 -32.22 17.77 -10
3 16 40 8 -6 40 24 -6 32.22 17.77 -6
3 16 -40 8 -10 -32.22 17.77 -10 -22.2 12.41 -10
3 16 40 8 -6 32.22 17.77 -6 22.2 12.41 -6
3 16 -40 8 -10 -22.2 12.41 -10 -11.32 9.11 -10
3 16 40 8 -6 22.2 12.41 -6 11.32 9.11 -6
3 16 -40 8 -10 -11.32 9.11 -10 0 8 -10
3 16 40 8 -6 11.32 9.11 -6 0 8 -6
3 16 40 8 -10 0 8 -10 11.32 9.11 -10
3 16 -40 8 -6 0 8 -6 -11.32 9.11 -6
3 16 40 8 -10 11.32 9.11 -10 22.2 12.41 -10
3 16 -40 8 -6 -11.32 9.11 -6 -22.2 12.41 -6
3 16 40 8 -10 22.2 12.41 -10 32.22 17.77 -10
3 16 -40 8 -6 -22.2 12.41 -6 -32.22 17.77 -6
3 16 40 8 -10 32.22 17.77 -10 40 24 -10
3 16 -40 8 -6 -32.22 17.77 -6 -40 24 -6
4 16 -40 24 -6 -32.22 17.77 -6 -32.22 17.77 -10 -40 24 -10
4 16 -32.22 17.77 -6 -22.2 12.41 -6 -22.2 12.41 -10 -32.22 17.77 -10
4 16 -22.2 12.41 -6 -11.32 9.11 -6 -11.32 9.11 -10 -22.2 12.41 -10
4 16 -11.32 9.11 -6 0 8 -6 0 8 -10 -11.32 9.11 -10
4 16 0 8 -6 11.32 9.11 -6 11.32 9.11 -10 0 8 -10
4 16 11.32 9.11 -6 22.2 12.41 -6 22.2 12.41 -10 11.32 9.11 -10
4 16 22.2 12.41 -6 32.22 17.77 -6 32.22 17.77 -10 22.2 12.41 -10
4 16 32.22 17.77 -6 40 24 -6 40 24 -10 32.22 17.77 -10
3 16 -40 8 6 -40 24 6 -32.22 17.77 6
3 16 40 8 10 40 24 10 32.22 17.77 10
3 16 -40 8 6 -32.22 17.77 6 -22.2 12.41 6
3 16 40 8 10 32.22 17.77 10 22.2 12.41 10
3 16 -40 8 6 -22.2 12.41 6 -11.32 9.11 6
3 16 40 8 10 22.2 12.41 10 11.32 9.11 10
3 16 -40 8 6 -11.32 9.11 6 0 8 6
3 16 40 8 10 11.32 9.11 10 0 8 10
3 16 40 8 6 0 8 6 11.32 9.11 6
3 16 -40 8 10 0 8 10 -11.32 9.11 10
3 16 40 8 6 11.32 9.11 6 22.2 12.41 6
3 16 -40 8 10 -11.32 9.11 10 -22.2 12.41 10
3 16 40 8 6 22.2 12.41 6 32.22 17.77 6
3 16 -40 8 10 -22.2 12.41 10 -32.22 17.77 10
3 16 40 8 6 32.22 17.77 6 40 24 6
3 16 -40 8 10 -32.22 17.77 10 -40 24 10
4 16 -40 24 10 -32.22 17.77 10 -32.22 17.77 6 -40 24 6
4 16 -32.22 17.77 10 -22.2 12.41 10 -22.2 12.41 6 -32.22 17.77 6
4 16 -22.2 12.41 10 -11.32 9.11 10 -11.32 9.11 6 -22.2 12.41 6
4 16 -11.32 9.11 10 0 8 10 0 8 6 -11.32 9.11 6
4 16 0 8 10 11.32 9.11 10 11.32 9.11 6 0 8 6
4 16 11.32 9.11 10 22.2 12.41 10 22.2 12.41 6 11.32 9.11 6
4 16 22.2 12.41 10 32.22 17.77 10 32.22 17.77 6 22.2 12.41 6
4 16 32.22 17.77 10 40 24 10 40 24 6 32.22 17.77 6
2 24 -40 24 -10 -32.22 17.77 -10
2 24 -40 24 -6 -32.22 17.77 -6
2 24 -32.22 17.77 -10 -22.2 12.41 -10
2 24 -32.22 17.77 -6 -22.2 12.41 -6
2 24 -22.2 12.41 -10 -11.32 9.11 -10
2 24 -22.2 12.41 -6 -11.32 9.11 -6
2 24 -11.32 9.11 -10 0 8 -10
2 24 -11.32 9.11 -6 0 8 -6
2 24 0 8 -10 11.32 9.11 -10
2 24 0 8 -6 11.32 9.11 -6
2 24 11.32 9.11 -10 22.2 12.41 -10
2 24 11.32 9.11 -6 22.2 12.41 -6
2 24 22.2 12.41 -10 32.22 17.77 -10
2 24 22.2 12.41 -6 32.22 17.77 -6
2 24 32.22 17.77 -10 40 24 -10
2 24 32.22 17.77 -6 40 24 -6
2 24 -40 24 6 -32.22 17.77 6
2 24 -40 24 10 -32.22 17.77 10
2 24 -32.22 17.77 6 -22.2 12.41 6
2 24 -32.22 17.77 10 -22.2 12.41 10
2 24 -22.2 12.41 6 -11.32 9.11 6
2 24 -22.2 12.41 10 -11.32 9.11 10
2 24 -11.32 9.11 6 0 8 6
2 24 -11.32 9.11 10 0 8 10
2 24 0 8 6 11.32 9.11 6
2 24 0 8 10 11.32 9.11 10
2 24 11.32 9.11 6 22.2 12.41 6
2 24 11.32 9.11 10 22.2 12.41 10
2 24 22.2 12.41 6 32.22 17.77 6
2 24 22.2 12.41 10 32.22 17.77 10
2 24 32.22 17.77 6 40 24 6
2 24 32.22 17.77 10 40 24 10
5 24 -32.22 17.77 -10 -32.22 17.77 -6 -22.2 12.41 -10 -40 24 -10
5 24 -32.22 17.77 6 -32.22 17.77 10 -22.2 12.41 6 -40 24 6
5 24 -22.2 12.41 -10 -22.2 12.41 -6 -11.32 9.11 -10 -32.22 17.77 -10
5 24 -22.2 12.41 6 -22.2 12.41 10 -11.32 9.11 6 -32.22 17.77 6
5 24 -11.32 9.11 -10 -11.32 9.11 -6 0 8 -10 -22.2 12.41 -10
5 24 -11.32 9.11 6 -11.32 9.11 10 0 8 6 -22.2 12.41 6
5 24 0 8 -10 0 8 -6 11.32 9.11 -10 -11.32 9.11 -10
5 24 0 8 6 0 8 10 11.32 9.11 6 -11.32 9.11 6
5 24 11.32 9.11 -10 11.32 9.11 -6 22.2 12.41 -10 0 8 -10
5 24 11.32 9.11 6 11.32 9.11 10 22.2 12.41 6 0 8 6
5 24 22.2 12.41 -10 22.2 12.41 -6 32.22 17.77 -10 11.32 9.11 -10
5 24 22.2 12.41 6 22.2 12.41 10 32.22 17.77 6 11.32 9.11 6
5 24 32.22 17.77 -10 32.22 17.77 -6 40 24 -10 22.2 12.41 -10
5 24 32.22 17.77 6 32.22 17.77 10 40 24 6 22.2 12.41 6
0
0 NOFILE
0 FILE box5.dat
0 Box with 5 Faces and All Edges
0 Name: box5.dat
0 Author: James Jessiman
0 !LDRAW_ORG Primitive UPDATE 2012-01
0 !LICENSE Licensed under CC BY 4.0 : see CAreadme.txt

0 BFC CERTIFY CCW

0 !HISTORY 2002-04-03 [sbliss] Modified for BFC compliance
0 !HISTORY 2002-04-25 [PTadmin] Official Update 2002-02
0 !HISTORY 2007-06-24 [PTadmin] Header formatted for Contributor Agreement
0 !HISTORY 2008-07-01 [PTadmin] Official Update 2008-01
0 !HISTORY 2012-02-16 [Philo] Changed to CCW
0 !HISTORY 2012-03-30 [PTadmin] Official Update 2012-01


2 24 1 1 1 -1 1 1
2 24 -1 1 1 -1 1 -1
2 24 -1 1 -1 1 1 -1
2 24 1 1 -1 1 1 1
2 24 1 0 1 -1 0 1
2 24 -1 0 1 -1 0 -1
2 24 -1 0 -1 1 0 -1
2 24 1 0 -1 1 0 1
2 24 1 0 1 1 1 1
2 24 -1 0 1 -1 1 1
2 24 1 0 -1 1 1 -1
2 24 -1 0 -1 -1 1 -1
4 16 -1 1 1 1 1 1 1 1 -1 -1 1 -1
4 16 -1 1 1 -1 0 1 1 0 1 1 1 1
4 16 -1 1 -1 -1 0 -1 -1 0 1 -1 1 1
4 16 1 1 -1 1 0 -1 -1 0 -1 -1 1 -1
4 16 1 1 1 1 0 1 1 0 -1 1 1 -1
0 NOFILE
0 FILE box3u2p.dat
0 Box with 3 Faces without 2 Parallel Edges
0 Name: box3u2p.dat
0 Author: Niels Karsdorp [nielsk]
0 !LDRAW_ORG Primitive UPDATE 2012-01
0 !LICENSE Licensed under CC BY 4.0 : see CAreadme.txt

0 BFC CERTIFY CCW

0 !HISTORY 2003-03-12 [PTadmin] Official Update 2003-01
0 !HISTORY 2007-06-24 [PTadmin] Header formatted for Contributor Agreement
0 !HISTORY 2008-07-01 [PTadmin] Official Update 2008-01
0 !HISTORY 2012-02-16 [Philo] Changed to CCW
0 !HISTORY 2012-03-30 [PTadmin] Official Update 2012-01


2 24 1 1 1 -1 1 1
2 24 -1 1 -1 1 1 -1
2 24 1 0 1 -1 0 1
2 24 -1 0 -1 1 0 -1
2 24 1 1 1 1 1 -1
2 24 -1 1 1 -1 1 -1
2 24 1 1 1 1 0 1
2 24 1 1 -1 1 0 -1
2 24 -1 1 1 -1 0 1
2 24 -1 1 -1 -1 0 -1
4 16 -1 1 -1 -1 1 1 1 1 1 1 1 -1
4 16 -1 1 1 -1 0 1 1 0 1 1 1 1
4 16 1 1 -1 1 0 -1 -1 0 -1 -1 1 -1
0 NOFILE
0 FILE stud.dat
0 Stud
0 Name: stud.dat
0 Author: James Jessiman
0 !LDRAW_ORG Primitive UPDATE 2012-01
0 !LICENSE Licensed under CC BY 4.0 : see CAreadme.txt

0 BFC CERTIFY CCW

0 !HISTORY 2002-04-04 [sbliss] Modified for BFC compliance
0 !HISTORY 2002-04-25 [PTadmin] Official Update 2002-02
0 !HISTORY 2007-06-24 [PTadmin] Header formatted for Contributor Agreement
0 !HISTORY 2008-07-01 [PTadmin] Official Update 2008-01
0 !HISTORY 2012-02-16 [Philo] Changed to CCW
0 !HISTORY 2012-03-30 [PTadmin] Official Update 2012-01


1 16 0 0 0 6 0 0 0 1 0 0 0 6 4-4edge.dat
1 16 0 -4 0 6 0 0 0 1 0 0 0 6 4-4edge.dat
1 16 0 0 0 6 0 0 0 -4 0 0 0 6 4-4cyli.dat
1 16 0 -4 0 6 0 0 0 1 0 0 0 6 4-4disc.dat
0 NOFILE
0 FILE 4-4edge.dat
0 Circle 1.0
0 Name: 4-4edge.dat
0 Author: James Jessiman
0 !LDRAW_ORG Primitive UPDATE 2017-01
0 !LICENSE Licensed under CC BY 4.0 : see CAreadme.txt

0 BFC CERTIFY CCW

0 !HISTORY 1998-12-15 [PTadmin] Official Update 1998-10
0 !HISTORY 2005-12-28 [PTadmin] Official Update 2005-01
0 !HISTORY 2007-06-24 [PTadmin] Header formatted for Contributor Agreement
0 !HISTORY 2008-07-01 [PTadmin] Official Update 2008-01
0 !HISTORY 2017-01-15 [Steffen] BFCed
0 !HISTORY 2017-12-30 [PTadmin] Official Update 2017-01


2 24 1 0 0 0.9239 0 0.3827
2 24 0.9239 0 0.3827 0.7071 0 0.7071
2 24 0.7071 0 0.7071 0.3827 0 0.9239
2 24 0.3827 0 0.9239 0 0 1
2 24 0 0 1 -0.3827 0 0.9239
2 24 -0.3827 0 0.9239 -0.7071 0 0.7071
2 24 -0.7071 0 0.7071 -0.9239 0 0.3827
2 24 -0.9239 0 0.3827 -1 0 -0
2 24 -1 0 -0 -0.9239 0 -0.3827
2 24 -0.9239 0 -0.3827 -0.7071 0 -0.7071
2 24 -0.7071 0 -0.7071 -0.3827 0 -0.9239
2 24 -0.3827 0 -0.9239 0 0 -1
2 24 0 0 -1 0.3827 0 -0.9239
2 24 0.3827 0 -0.9239 0.7071 0 -0.7071
2 24 0.7071 0 -0.7071 0.9239 0 -0.3827
2 24 0.9239 0 -0.3827 1 0 0
0 NOFILE
0 FILE 4-4cyli.dat
0 Cylinder 1.0
0 Name: 4-4cyli.dat
0 Author: James Jessiman
0 !LDRAW_ORG Primitive UPDATE 2005-01
0 !LICENSE Licensed under CC BY 4.0 : see CAreadme.txt

0 BFC CERTIFY CCW

0 !HISTORY 1998-12-15 [PTadmin] Official Update 1998-10
0 !HISTORY 2002-03-23 [sbliss] Added BFC statement; merged headers from files in distributions LDraw 0.27 and Complete.
0 !HISTORY 2002-04-25 [PTadmin] Official Update 2002-02
0 !HISTORY 2004-12-14 [guyvivan] BFC CCW
0 !HISTORY 2005-12-28 [PTadmin] Official Update 2005-01
0 !HISTORY 2007-06-24 [PTadmin] Header formatted for Contributor Agreement
0 !HISTORY 2008-07-01 [PTadmin] Official Update 2008-01


4 16 1 1 0 0.9239 1 0.3827 0.9239 0 0.3827 1 0 0
5 24 1 0 0 1 1 0 0.9239 0 0.3827 0.9239 0 -0.3827
4 16 0.9239 1 0.3827 0.7071 1 0.7071 0.7071 0 0.7071 0.9239 0 0.3827
5 24 0.9239 0 0.3827 0.9239 1 0.3827 0.7071 0 0.7071 1 0 0
4 16 0.7071 1 0.7071 0.3827 1 0.9239 0.3827 0 0.9239 0.7071 0 0.7071
5 24 0.7071 0 0.7071 0.7071 1 0.7071 0.3827 0 0.9239 0.9239 0 0.3827
4 16 0.3827 1 0.9239 0 1 1 0 0 1 0.3827 0 0.9239
5 24 0.3827 0 0.9239 0.3827 1 0.9239 0 0 1 0.7071 0 0.7071
4 16 0 1 1 -0.3827 1 0.9239 -0.3827 0 0.9239 0 0 1
5 24 0 0 1 0 1 1 -0.3827 0 0.9239 0.3827 0 0.9239
4 16 -0.3827 1 0.9239 -0.7071 1 0.7071 -0.7071 0 0.7071 -0.3827 0 0.9239
5 24 -0.3827 0 0.9239 -0.3827 1 0.9239 -0.7071 0 0.7071 0 0 1
4 16 -0.7071 1 0.7071 -0.9239 1 0.3827 -0.9239 0 0.3827 -0.7071 0 0.7071
5 24 -0.7071 0 0.7071 -0.7071 1 0.7071 -0.9239 0 0.3827 -0.3827 0 0.9239
4 16 -0.9239 1 0.3827 -1 1 0 -1 0 0 -0.9239 0 0.3827
5 24 -0.9239 0 0.3827 -0.9239 1 0.3827 -1 0 0 -0.7071 0 0.7071
4 16 -1 1 0 -0.9239 1 -0.3827 -0.9239 0 -0.3827 -1 0 0
5 24 -1 0 0 -1 1 0 -0.9239 0 -0.3827 -0.9239 0 0.3827
4 16 -0.9239 1 -0.3827 -0.7071 1 -0.7071 -0.7071 0 -0.7071 -0.9239 0 -0.3827
5 24 -0.9239 0 -0.3827 -0.9239 1 -0.3827 -0.7071 0 -0.7071 -1 0 0
4 16 -0.7071 1 -0.7071 -0.3827 1 -0.9239 -0.3827 0 -0.9239 -0.7071 0 -0.7071
5 24 -0.7071 0 -0.7071 -0.7071 1 -0.7071 -0.3827 0 -0.9239 -0.9239 0 -0.3827
4 16 -0.3827 1 -0.9239 0 1 -1 0 0 -1 -0.3827 0 -0.9239
5 24 -0.3827 0 -0.9239 -0.3827 1 -0.9239 0 0 -1 -0.7071 0 -0.7071
4 16 0 1 -1 0.3827 1 -0.9239 0.3827 0 -0.9239 0 0 -1
5 24 0 0 -1 0 1 -1 0.3827 0 -0.9239 -0.3827 0 -0.9239
4 16 0.3827 1 -0.9239 0.7071 1 -0.7071 0.7071 0 -0.7071 0.3827 0 -0.9239
5 24 0.3827 0 -0.9239 0.3827 1 -0.9239 0.7071 0 -0.7071 0 0 -1
4 16 0.7071 1 -0.7071 0.9239 1 -0.3827 0.9239 0 -0.3827 0.7071 0 -0.7071
5 24 0.7071 0 -0.7071 0.7071 1 -0.7071 0.9239 0 -0.3827 0.3827 0 -0.9239
4 16 0.9239 1 -0.3827 1 1 0 1 0 0 0.9239 0 -0.3827
5 24 0.9239 0 -0.3827 0.9239 1 -0.3827 1 0 0 0.7071 0 -0.7071
0
0 NOFILE
0 FILE 4-4disc.dat
0 Disc 1.0
0 Name: 4-4disc.dat
0 Author: James Jessiman
0 !LDRAW_ORG Primitive UPDATE 2002-02
0 !LICENSE Licensed under CC BY 4.0 : see CAreadme.txt

0 BFC CERTIFY CCW

0 !HISTORY 1998-12-15 [PTadmin] Official Update 1998-10
0 !HISTORY 2002-03-23 [sbliss] Added BFC statement
0 !HISTORY 2002-04-25 [PTadmin] Official Update 2002-02
0 !HISTORY 2007-06-24 [PTadmin] Header formatted for Contributor Agreement
0 !HISTORY 2008-07-01 [PTadmin] Official Update 2008-01


3 16 0 0 0 1 0 0 0.9239 0 0.3827
3 16 0 0 0 0.9239 0 0.3827 0.7071 0 0.7071
3 16 0 0 0 0.7071 0 0.7071 0.3827 0 0.9239
3 16 0 0 0 0.3827 0 0.9239 0 0 1
3 16 0 0 0 0 0 1 -0.3827 0 0.9239
3 16 0 0 0 -0.3827 0 0.9239 -0.7071 0 0.7071
3 16 0 0 0 -0.7071 0 0.7071 -0.9239 0 0.3827
3 16 0 0 0 -0.9239 0 0.3827 -1 0 -0
3 16 0 0 0 -1 0 -0 -0.9239 0 -0.3827
3 16 0 0 0 -0.9239 0 -0.3827 -0.7071 0 -0.7071
3 16 0 0 0 -0.7071 0 -0.7071 -0.3827 0 -0.9239
3 16 0 0 0 -0.3827 0 -0.9239 0 0 -1
3 16 0 0 0 0 0 -1 0.3827 0 -0.9239
3 16 0 0 0 0.3827 0 -0.9239 0.7071 0 -0.7071
3 16 0 0 0 0.7071 0 -0.7071 0.9239 0 -0.3827
3 16 0 0 0 0.9239 0 -0.3827 1 0 0
0
0 NOFILE
