0 FILE 6183.dat
0 Arch  1 x  6 x  2 with Curved Top
0 Name: 6183.dat
0 Author: James Jessiman
0 !LDRAW_ORG Part UPDATE 2009-01
0 !LICENSE Licensed under CC BY 4.0 : see CAreadme.txt

0 BFC CERTIFY CCW

0 !HISTORY 2007-07-16 [PTadmin] Header formatted for Contributor Agreement
0 !HISTORY 2008-07-01 [PTadmin] Official Update 2008-01
0 !HISTORY 2008-07-07 [guyvivan] Made BFC compliant (2004-11-26)
0 !HISTORY 2009-05-02 [PTadmin] Official Update 2009-01


1 16 0 4 0 1 0 0 0 -3 0 0 0 1 stud3.dat
2 24 20 16 10 -20 16 10
2 24 20 16 -10 -20 16 -10
2 24 20 16 6 20 16 -6
2 24 -20 16 6 -20 16 -6
0 BFC INVERTNEXT
1 16 0 16 0 16 0 0 0 -12 0 0 0 6 box5.dat
2 24 20 16 6 20 4 6
2 24 -20 16 6 -20 4 6
2 24 20 16 -6 20 4 -6
2 24 -20 16 -6 -20 4 -6
2 24 20 4 6 20 4 -6
2 24 -20 4 6 -20 4 -6
2 24 20 0 10 -20 0 10
2 24 20 0 -10 -20 0 -10
4 16 20 16 10 16 16 6 -16 16 6 -20 16 10
4 16 -20 16 10 -16 16 6 -16 16 -6 -20 16 -10
4 16 -20 16 -10 -16 16 -6 16 16 -6 20 16 -10
4 16 20 16 -10 16 16 -6 16 16 6 20 16 10
4 16 20 0 10 -20 0 10 -20 0 -10 20 0 -10
4 16 20 16 6 20 4 6 20 4 -6 20 16 -6
4 16 -20 4 6 -20 16 6 -20 16 -6 -20 4 -6
4 16 20 16 -10 20 0 -10 -20 0 -10 -20 16 -10
4 16 -20 16 10 -20 0 10 20 0 10 20 16 10
1 16 10 0 0 1 0 0 0 1 0 0 0 1 stud.dat
1 16 -10 0 0 1 0 0 0 1 0 0 0 1 stud.dat
2 24 40 48 -10 60 48 -10
2 24 60 48 10 40 48 10
2 24 44 48 -6 56 48 -6
2 24 56 48 6 44 48 6
1 16 20 36 10 0 0 20 -20 0 0 0 1 0 1-4edge.dat
1 16 20 36 6 0 0 20 -20 0 0 0 1 0 1-4edge.dat
1 16 20 36 -6 0 0 20 -20 0 0 0 1 0 1-4edge.dat
1 16 20 36 -10 0 0 20 -20 0 0 0 1 0 1-4edge.dat
2 24 24 4.39 6 27.02 4.69 6
2 24 27.02 4.69 6 33.78 6.74 6
2 24 33.78 6.74 6 40 10.07 6
2 24 44 13.34 6 45.46 14.54 6
2 24 45.46 14.54 6 49.93 20 6
2 24 49.93 20 6 53.26 26.22 6
2 24 53.26 26.22 6 55.31 32.98 6
2 24 55.31 32.98 6 56 40 6
2 24 24 4.39 -6 27.02 4.69 -6
2 24 27.02 4.69 -6 33.78 6.74 -6
4 16 24 4.39 -6 27.02 4.69 -6 33.78 6.74 -6 24 16 -6
4 16 27.02 4.69 6 24 4.39 6 24 16 6 33.78 6.74 6
2 24 33.78 6.74 -6 40 10.07 -6
4 16 33.78 6.74 -6 40 10.07 -6 40 16 -6 24 16 -6
4 16 40 10.07 6 33.78 6.74 6 24 16 6 40 16 6
2 24 44 13.34 -6 45.46 14.54 -6
2 24 45.46 14.54 -6 49.93 20 -6
4 16 44 13.34 -6 45.46 14.54 -6 49.93 20 -6 44 48 -6
4 16 45.46 14.54 6 44 13.34 6 44 48 6 49.93 20 6
2 24 49.93 20 -6 53.26 26.22 -6
4 16 55.31 32.98 6 53.26 26.22 6 49.93 20 6 44 48 6
4 16 53.26 26.22 -6 55.31 32.98 -6 44 48 -6 49.93 20 -6
2 24 53.26 26.22 -6 55.31 32.98 -6
2 24 55.31 32.98 -6 56 40 -6
4 16 40 48 10 44 48 6 44 48 -6 40 48 -10
4 16 40 48 -10 44 48 -6 56 48 -6 60 48 -10
4 16 60 48 -10 56 48 -6 56 48 6 60 48 10
4 16 60 48 10 56 48 6 44 48 6 40 48 10
1 16 40 42 0 0 1 0 0 0 6 10 0 0 rect3.dat
1 16 40 23.035 0 0 1 0 0 0 -12.965 -6 0 0 rect3.dat
1 16 44 30.67 0 0 -1 0 0 0 -17.33 6 0 0 rect.dat
1 16 56 44 0 0 1 0 0 0 4 6 0 0 rect3.dat
1 16 60 44 0 0 -1 0 0 0 4 -10 0 0 rect3.dat
0 BFC INVERTNEXT
1 16 20 36 10 0 0 20 -20 0 0 0 -4 0 1-4cyli.dat
0 BFC INVERTNEXT
1 16 20 36 -10 0 0 20 -20 0 0 0 4 0 1-4cyli.dat
4 16 24 4.39 6 27.02 4.69 6 27.02 4.69 -6 24 4.39 -6
4 16 27.02 4.69 6 33.78 6.74 6 33.78 6.74 -6 27.02 4.69 -6
5 24 27.02 4.69 6 27.02 4.69 -6 33.78 6.74 6 20 4 6
4 16 33.78 6.74 6 40 10.07 6 40 10.07 -6 33.78 6.74 -6
5 24 33.78 6.74 6 33.78 6.74 -6 40 10.07 6 27.02 4.69 6
4 16 44 13.34 6 45.46 14.54 6 45.46 14.54 -6 44 13.34 -6
4 16 45.46 14.54 6 49.93 20 6 49.93 20 -6 45.46 14.54 -6
5 24 45.46 14.54 6 45.46 14.54 -6 49.93 20 6 40 10.07 6
4 16 49.93 20 6 53.26 26.22 6 53.26 26.22 -6 49.93 20 -6
5 24 49.93 20 6 49.93 20 -6 53.26 26.22 6 45.46 14.54 6
4 16 53.26 26.22 6 55.31 32.98 6 55.31 32.98 -6 53.26 26.22 -6
5 24 53.26 26.22 6 53.26 26.22 -6 55.31 32.98 6 49.93 20 6
4 16 55.31 32.98 6 56 40 6 56 40 -6 55.31 32.98 -6
5 24 55.31 32.98 6 55.31 32.98 -6 56 40 6 53.26 26.22 6
4 16 40 48 10 40 40 10 60 40 10 60 48 10
4 16 55.31 32.98 6 44 48 6 56 48 6 56 40 6
4 16 44 48 -6 55.31 32.98 -6 56 40 -6 56 48 -6
4 16 40 40 -10 40 48 -10 60 48 -10 60 40 -10
1 16 20 36 10 0 0 20 -20 0 0 0 -1 0 1-4ndis.dat
1 16 20 36 6 0 0 20 -20 0 0 0 1 0 1-4ndis.dat
1 16 20 36 -6 0 0 20 -20 0 0 0 -1 0 1-4ndis.dat
1 16 20 36 -10 0 0 20 -20 0 0 0 1 0 1-4ndis.dat
1 16 20 40 -10 0 0 40 -40 0 0 0 1 0 p/48/1-4edge.dat
1 16 20 40 10 0 0 40 -40 0 0 0 1 0 p/48/1-4edge.dat
1 16 20 40 10 0 0 4 -4 0 0 0 -1 0 p/48/1-4ring9.dat
1 16 20 40 -10 0 0 4 -4 0 0 0 1 0 p/48/1-4ring9.dat
1 16 20 40 -10 0 0 40 -40 0 0 0 20 0 p/48/1-4cyli.dat
4 16 20 4 10 24.698 4.31 10 40 16 10 20 16 10
4 16 40 16 10 24.698 4.31 10 29.317 5.228 10 33.777 6.74 10
4 16 40 16 10 33.777 6.74 10 38 8.824 10 41.917 11.438 10
4 16 40 16 10 41.917 11.438 10 45.456 14.544 10 48.562 18.083 10
4 16 40 16 10 48.562 18.083 10 51.176 22 10 53.26 26.223 10
4 16 40 16 10 53.26 26.223 10 54.772 30.683 10 55.69 35.302 10
4 16 40 16 10 55.69 35.305 10 56 40 10 40 40 10
4 16 24.698 4.31 -10 20 4 -10 20 16 -10 40 16 -10
4 16 24.698 4.31 -10 40 16 -10 33.777 6.74 -10 29.317 5.228 -10
4 16 33.777 6.74 -10 40 16 -10 41.917 11.438 -10 38 8.824 -10
4 16 41.917 11.438 -10 40 16 -10 48.562 18.083 -10 45.456 14.544 -10
4 16 48.562 18.083 -10 40 16 -10 53.26 26.223 -10 51.176 22 -10
4 16 53.26 26.223 -10 40 16 -10 55.69 35.302 -10 54.772 30.683 -10
4 16 55.69 35.305 -10 40 16 -10 40 40 -10 56 40 -10
2 24 -40 48 10 -60 48 10
2 24 -60 48 -10 -40 48 -10
2 24 -44 48 6 -56 48 6
2 24 -56 48 -6 -44 48 -6
1 16 -20 36 -10 0 0 -20 -20 0 0 0 -1 0 1-4edge.dat
1 16 -20 36 -6 0 0 -20 -20 0 0 0 -1 0 1-4edge.dat
1 16 -20 36 6 0 0 -20 -20 0 0 0 -1 0 1-4edge.dat
1 16 -20 36 10 0 0 -20 -20 0 0 0 -1 0 1-4edge.dat
2 24 -24 4.39 -6 -27.02 4.69 -6
2 24 -27.02 4.69 -6 -33.78 6.74 -6
2 24 -33.78 6.74 -6 -40 10.07 -6
2 24 -44 13.34 -6 -45.46 14.54 -6
2 24 -45.46 14.54 -6 -49.93 20 -6
2 24 -49.93 20 -6 -53.26 26.22 -6
2 24 -53.26 26.22 -6 -55.31 32.98 -6
2 24 -55.31 32.98 -6 -56 40 -6
2 24 -24 4.39 6 -27.02 4.69 6
2 24 -27.02 4.69 6 -33.78 6.74 6
4 16 -24 4.39 6 -27.02 4.69 6 -33.78 6.74 6 -24 16 6
4 16 -27.02 4.69 -6 -24 4.39 -6 -24 16 -6 -33.78 6.74 -6
2 24 -33.78 6.74 6 -40 10.07 6
4 16 -33.78 6.74 6 -40 10.07 6 -40 16 6 -24 16 6
4 16 -40 10.07 -6 -33.78 6.74 -6 -24 16 -6 -40 16 -6
2 24 -44 13.34 6 -45.46 14.54 6
2 24 -45.46 14.54 6 -49.93 20 6
4 16 -44 13.34 6 -45.46 14.54 6 -49.93 20 6 -44 48 6
4 16 -45.46 14.54 -6 -44 13.34 -6 -44 48 -6 -49.93 20 -6
2 24 -49.93 20 6 -53.26 26.22 6
4 16 -55.31 32.98 -6 -53.26 26.22 -6 -49.93 20 -6 -44 48 -6
4 16 -53.26 26.22 6 -55.31 32.98 6 -44 48 6 -49.93 20 6
2 24 -53.26 26.22 6 -55.31 32.98 6
2 24 -55.31 32.98 6 -56 40 6
4 16 -40 48 -10 -44 48 -6 -44 48 6 -40 48 10
4 16 -40 48 10 -44 48 6 -56 48 6 -60 48 10
4 16 -60 48 10 -56 48 6 -56 48 -6 -60 48 -10
4 16 -60 48 -10 -56 48 -6 -44 48 -6 -40 48 -10
1 16 -40 42 0 0 -1 0 0 0 6 -10 0 0 rect3.dat
1 16 -40 23.035 0 0 -1 0 0 0 -12.965 6 0 0 rect3.dat
1 16 -44 30.67 0 0 1 0 0 0 -17.33 -6 0 0 rect.dat
1 16 -56 44 0 0 -1 0 0 0 4 -6 0 0 rect3.dat
1 16 -60 44 0 0 1 0 0 0 4 10 0 0 rect3.dat
0 BFC INVERTNEXT
1 16 -20 36 -10 0 0 -20 -20 0 0 0 4 0 1-4cyli.dat
0 BFC INVERTNEXT
1 16 -20 36 10 0 0 -20 -20 0 0 0 -4 0 1-4cyli.dat
4 16 -24 4.39 -6 -27.02 4.69 -6 -27.02 4.69 6 -24 4.39 6
4 16 -27.02 4.69 -6 -33.78 6.74 -6 -33.78 6.74 6 -27.02 4.69 6
5 24 -27.02 4.69 -6 -27.02 4.69 6 -33.78 6.74 -6 -20 4 -6
4 16 -33.78 6.74 -6 -40 10.07 -6 -40 10.07 6 -33.78 6.74 6
5 24 -33.78 6.74 -6 -33.78 6.74 6 -40 10.07 -6 -27.02 4.69 -6
4 16 -44 13.34 -6 -45.46 14.54 -6 -45.46 14.54 6 -44 13.34 6
4 16 -45.46 14.54 -6 -49.93 20 -6 -49.93 20 6 -45.46 14.54 6
5 24 -45.46 14.54 -6 -45.46 14.54 6 -49.93 20 -6 -40 10.07 -6
4 16 -49.93 20 -6 -53.26 26.22 -6 -53.26 26.22 6 -49.93 20 6
5 24 -49.93 20 -6 -49.93 20 6 -53.26 26.22 -6 -45.46 14.54 -6
4 16 -53.26 26.22 -6 -55.31 32.98 -6 -55.31 32.98 6 -53.26 26.22 6
5 24 -53.26 26.22 -6 -53.26 26.22 6 -55.31 32.98 -6 -49.93 20 -6
4 16 -55.31 32.98 -6 -56 40 -6 -56 40 6 -55.31 32.98 6
5 24 -55.31 32.98 -6 -55.31 32.98 6 -56 40 -6 -53.26 26.22 -6
4 16 -40 48 -10 -40 40 -10 -60 40 -10 -60 48 -10
4 16 -55.31 32.98 -6 -44 48 -6 -56 48 -6 -56 40 -6
4 16 -44 48 6 -55.31 32.98 6 -56 40 6 -56 48 6
4 16 -40 40 10 -40 48 10 -60 48 10 -60 40 10
1 16 -20 36 -10 0 0 -20 -20 0 0 0 1 0 1-4ndis.dat
1 16 -20 36 -6 0 0 -20 -20 0 0 0 -1 0 1-4ndis.dat
1 16 -20 36 6 0 0 -20 -20 0 0 0 1 0 1-4ndis.dat
1 16 -20 36 10 0 0 -20 -20 0 0 0 -1 0 1-4ndis.dat
1 16 -20 40 10 0 0 -40 -40 0 0 0 -1 0 p/48/1-4edge.dat
1 16 -20 40 -10 0 0 -40 -40 0 0 0 -1 0 p/48/1-4edge.dat
1 16 -20 40 -10 0 0 -4 -4 0 0 0 1 0 p/48/1-4ring9.dat
1 16 -20 40 10 0 0 -4 -4 0 0 0 -1 0 p/48/1-4ring9.dat
1 16 -20 40 10 0 0 -40 -40 0 0 0 -20 0 p/48/1-4cyli.dat
4 16 -20 4 -10 -24.698 4.31 -10 -40 16 -10 -20 16 -10
4 16 -40 16 -10 -24.698 4.31 -10 -29.317 5.228 -10 -33.777 6.74 -10
4 16 -40 16 -10 -33.777 6.74 -10 -38 8.824 -10 -41.917 11.438 -10
4 16 -40 16 -10 -41.917 11.438 -10 -45.456 14.544 -10 -48.562 18.083 -10
4 16 -40 16 -10 -48.562 18.083 -10 -51.176 22 -10 -53.26 26.223 -10
4 16 -40 16 -10 -53.26 26.223 -10 -54.772 30.683 -10 -55.69 35.302 -10
4 16 -40 16 -10 -55.69 35.305 -10 -56 40 -10 -40 40 -10
4 16 -24.698 4.31 10 -20 4 10 -20 16 10 -40 16 10
4 16 -24.698 4.31 10 -40 16 10 -33.777 6.74 10 -29.317 5.228 10
4 16 -33.777 6.74 10 -40 16 10 -41.917 11.438 10 -38 8.824 10
4 16 -41.917 11.438 10 -40 16 10 -48.562 18.083 10 -45.456 14.544 10
4 16 -48.562 18.083 10 -40 16 10 -53.26 26.223 10 -51.176 22 10
4 16 -53.26 26.223 10 -40 16 10 -55.69 35.302 10 -54.772 30.683 10
4 16 -55.69 35.305 10 -40 16 10 -40 40 10 -56 40 10
2 24 24 4.39 -6 20 4 -6
2 24 24 4.39 6 20 4 6
2 24 -24 4.39 6 -20 4 6
2 24 -24 4.39 -6 -20 4 -6
4 16 24 4.39 -6 20 4 -6 20 4 6 24 4.39 6
4 16 -24 4.39 6 -20 4 6 -20 4 -6 -24 4.39 -6
4 16 24 4.39 6 20 4 6 20 16 6 24 16 6
4 16 24 16 -6 20 16 -6 20 4 -6 24 4.39 -6
4 16 -24 4.39 -6 -20 4 -6 -20 16 -6 -24 16 -6
4 16 -24 16 6 -20 16 6 -20 4 6 -24 4.39 6
0
0 NOFILE
0 FILE stud3.dat
0 Stud Tube Solid
0 Name: stud3.dat
0 Author: James Jessiman
0 !LDRAW_ORG Primitive UPDATE 2012-01
0 !LICENSE Licensed under CC BY 4.0 : see CAreadme.txt

0 BFC CERTIFY CCW

0 !HISTORY 2002-04-04 [sbliss] Modified for BFC compliance
0 !HISTORY 2002-04-25 [PTadmin] Official Update 2002-02
0 !HISTORY 2007-06-24 [PTadmin] Header formatted for Contributor Agreement
0 !HISTORY 2008-07-01 [PTadmin] Official Update 2008-01
0 !HISTORY 2012-02-16 [Philo] Changed to CCW
0 !HISTORY 2012-03-30 [PTadmin] Official Update 2012-01


1 16 0 -4 0 4 0 0 0 1 0 0 0 4 4-4edge.dat
1 16 0 0 0 4 0 0 0 1 0 0 0 4 4-4edge.dat
1 16 0 -4 0 4 0 0 0 1 0 0 0 4 4-4disc.dat
1 16 0 -4 0 4 0 0 0 4 0 0 0 4 4-4cyli.dat
0 NOFILE
0 FILE 4-4edge.dat
0 Circle 1.0
0 Name: 4-4edge.dat
0 Author: James Jessiman
0 !LDRAW_ORG Primitive UPDATE 2017-01
0 !LICENSE Licensed under CC BY 4.0 : see CAreadme.txt

0 BFC CERTIFY CCW

0 !HISTORY 1998-12-15 [PTadmin] Official Update 1998-10
0 !HISTORY 2005-12-28 [PTadmin] Official Update 2005-01
0 !HISTORY 2007-06-24 [PTadmin] Header formatted for Contributor Agreement
0 !HISTORY 2008-07-01 [PTadmin] Official Update 2008-01
0 !HISTORY 2017-01-15 [Steffen] BFCed
0 !HISTORY 2017-12-30 [PTadmin] Official Update 2017-01


2 24 1 0 0 0.9239 0 0.3827
2 24 0.9239 0 0.3827 0.7071 0 0.7071
2 24 0.7071 0 0.7071 0.3827 0 0.9239
2 24 0.3827 0 0.9239 0 0 1
2 24 0 0 1 -0.3827 0 0.9239
2 24 -0.3827 0 0.9239 -0.7071 0 0.7071
2 24 -0.7071 0 0.7071 -0.9239 0 0.3827
2 24 -0.9239 0 0.3827 -1 0 -0
2 24 -1 0 -0 -0.9239 0 -0.3827
2 24 -0.9239 0 -0.3827 -0.7071 0 -0.7071
2 24 -0.7071 0 -0.7071 -0.3827 0 -0.9239
2 24 -0.3827 0 -0.9239 0 0 -1
2 24 0 0 -1 0.3827 0 -0.9239
2 24 0.3827 0 -0.9239 0.7071 0 -0.7071
2 24 0.7071 0 -0.7071 0.9239 0 -0.3827
2 24 0.9239 0 -0.3827 1 0 0
0 NOFILE
0 FILE 4-4disc.dat
0 Disc 1.0
0 Name: 4-4disc.dat
0 Author: James Jessiman
0 !LDRAW_ORG Primitive UPDATE 2002-02
0 !LICENSE Licensed under CC BY 4.0 : see CAreadme.txt

0 BFC CERTIFY CCW

0 !HISTORY 1998-12-15 [PTadmin] Official Update 1998-10
0 !HISTORY 2002-03-23 [sbliss] Added BFC statement
0 !HISTORY 2002-04-25 [PTadmin] Official Update 2002-02
0 !HISTORY 2007-06-24 [PTadmin] Header formatted for Contributor Agreement
0 !HISTORY 2008-07-01 [PTadmin] Official Update 2008-01


3 16 0 0 0 1 0 0 0.9239 0 0.3827
3 16 0 0 0 0.9239 0 0.3827 0.7071 0 0.7071
3 16 0 0 0 0.7071 0 0.7071 0.3827 0 0.9239
3 16 0 0 0 0.3827 0 0.9239 0 0 1
3 16 0 0 0 0 0 1 -0.3827 0 0.9239
3 16 0 0 0 -0.3827 0 0.9239 -0.7071 0 0.7071
3 16 0 0 0 -0.7071 0 0.7071 -0.9239 0 0.3827
3 16 0 0 0 -0.9239 0 0.3827 -1 0 -0
3 16 0 0 0 -1 0 -0 -0.9239 0 -0.3827
3 16 0 0 0 -0.9239 0 -0.3827 -0.7071 0 -0.7071
3 16 0 0 0 -0.7071 0 -0.7071 -0.3827 0 -0.9239
3 16 0 0 0 -0.3827 0 -0.9239 0 0 -1
3 16 0 0 0 0 0 -1 0.3827 0 -0.9239
3 16 0 0 0 0.3827 0 -0.9239 0.7071 0 -0.7071
3 16 0 0 0 0.7071 0 -0.7071 0.9239 0 -0.3827
3 16 0 0 0 0.9239 0 -0.3827 1 0 0
0
0 NOFILE
0 FILE 4-4cyli.dat
0 Cylinder 1.0
0 Name: 4-4cyli.dat
0 Author: James Jessiman
0 !LDRAW_ORG Primitive UPDATE 2005-01
0 !LICENSE Licensed under CC BY 4.0 : see CAreadme.txt

0 BFC CERTIFY CCW

0 !HISTORY 1998-12-15 [PTadmin] Official Update 1998-10
0 !HISTORY 2002-03-23 [sbliss] Added BFC statement; merged headers from files in distributions LDraw 0.27 and Complete.
0 !HISTORY 2002-04-25 [PTadmin] Official Update 2002-02
0 !HISTORY 2004-12-14 [guyvivan] BFC CCW
0 !HISTORY 2005-12-28 [PTadmin] Official Update 2005-01
0 !HISTORY 2007-06-24 [PTadmin] Header formatted for Contributor Agreement
0 !HISTORY 2008-07-01 [PTadmin] Official Update 2008-01


4 16 1 1 0 0.9239 1 0.3827 0.9239 0 0.3827 1 0 0
5 24 1 0 0 1 1 0 0.9239 0 0.3827 0.9239 0 -0.3827
4 16 0.9239 1 0.3827 0.7071 1 0.7071 0.7071 0 0.7071 0.9239 0 0.3827
5 24 0.9239 0 0.3827 0.9239 1 0.3827 0.7071 0 0.7071 1 0 0
4 16 0.7071 1 0.7071 0.3827 1 0.9239 0.3827 0 0.9239 0.7071 0 0.7071
5 24 0.7071 0 0.7071 0.7071 1 0.7071 0.3827 0 0.9239 0.9239 0 0.3827
4 16 0.3827 1 0.9239 0 1 1 0 0 1 0.3827 0 0.9239
5 24 0.3827 0 0.9239 0.3827 1 0.9239 0 0 1 0.7071 0 0.7071
4 16 0 1 1 -0.3827 1 0.9239 -0.3827 0 0.9239 0 0 1
5 24 0 0 1 0 1 1 -0.3827 0 0.9239 0.3827 0 0.9239
4 16 -0.3827 1 0.9239 -0.7071 1 0.7071 -0.7071 0 0.7071 -0.3827 0 0.9239
5 24 -0.3827 0 0.9239 -0.3827 1 0.9239 -0.7071 0 0.7071 0 0 1
4 16 -0.7071 1 0.7071 -0.9239 1 0.3827 -0.9239 0 0.3827 -0.7071 0 0.7071
5 24 -0.7071 0 0.7071 -0.7071 1 0.7071 -0.9239 0 0.3827 -0.3827 0 0.9239
4 16 -0.9239 1 0.3827 -1 1 0 -1 0 0 -0.9239 0 0.3827
5 24 -0.9239 0 0.3827 -0.9239 1 0.3827 -1 0 0 -0.7071 0 0.7071
4 16 -1 1 0 -0.9239 1 -0.3827 -0.9239 0 -0.3827 -1 0 0
5 24 -1 0 0 -1 1 0 -0.9239 0 -0.3827 -0.9239 0 0.3827
4 16 -0.9239 1 -0.3827 -0.7071 1 -0.7071 -0.7071 0 -0.7071 -0.9239 0 -0.3827
5 24 -0.9239 0 -0.3827 -0.9239 1 -0.3827 -0.7071 0 -0.7071 -1 0 0
4 16 -0.7071 1 -0.7071 -0.3827 1 -0.9239 -0.3827 0 -0.9239 -0.7071 0 -0.7071
5 24 -0.7071 0 -0.7071 -0.7071 1 -0.7071 -0.3827 0 -0.9239 -0.9239 0 -0.3827
4 16 -0.3827 1 -0.9239 0 1 -1 0 0 -1 -0.3827 0 -0.9239
5 24 -0.3827 0 -0.9239 -0.3827 1 -0.9239 0 0 -1 -0.7071 0 -0.7071
4 16 0 1 -1 0.3827 1 -0.9239 0.3827 0 -0.9239 0 0 -1
5 24 0 0 -1 0 1 -1 0.3827 0 -0.9239 -0.3827 0 -0.9239
4 16 0.3827 1 -0.9239 0.7071 1 -0.7071 0.7071 0 -0.7071 0.3827 0 -0.9239
5 24 0.3827 0 -0.9239 0.3827 1 -0.9239 0.7071 0 -0.7071 0 0 -1
4 16 0.7071 1 -0.7071 0.9239 1 -0.3827 0.9239 0 -0.3827 0.7071 0 -0.7071
5 24 0.7071 0 -0.7071 0.7071 1 -0.7071 0.9239 0 -0.3827 0.3827 0 -0.9239
4 16 0.9239 1 -0.3827 1 1 0 1 0 0 0.9239 0 -0.3827
5 24 0.9239 0 -0.3827 0.9239 1 -0.3827 1 0 0 0.7071 0 -0.7071
0
0 NOFILE
0 FILE box5.dat
0 Box with 5 Faces and All Edges
0 Name: box5.dat
0 Author: James Jessiman
0 !LDRAW_ORG Primitive UPDATE 2012-01
0 !LICENSE Licensed under CC BY 4.0 : see CAreadme.txt

0 BFC CERTIFY CCW

0 !HISTORY 2002-04-03 [sbliss] Modified for BFC compliance
0 !HISTORY 2002-04-25 [PTadmin] Official Update 2002-02
0 !HISTORY 2007-06-24 [PTadmin] Header formatted for Contributor Agreement
0 !HISTORY 2008-07-01 [PTadmin] Official Update 2008-01
0 !HISTORY 2012-02-16 [Philo] Changed to CCW
0 !HISTORY 2012-03-30 [PTadmin] Official Update 2012-01


2 24 1 1 1 -1 1 1
2 24 -1 1 1 -1 1 -1
2 24 -1 1 -1 1 1 -1
2 24 1 1 -1 1 1 1
2 24 1 0 1 -1 0 1
2 24 -1 0 1 -1 0 -1
2 24 -1 0 -1 1 0 -1
2 24 1 0 -1 1 0 1
2 24 1 0 1 1 1 1
2 24 -1 0 1 -1 1 1
2 24 1 0 -1 1 1 -1
2 24 -1 0 -1 -1 1 -1
4 16 -1 1 1 1 1 1 1 1 -1 -1 1 -1
4 16 -1 1 1 -1 0 1 1 0 1 1 1 1
4 16 -1 1 -1 -1 0 -1 -1 0 1 -1 1 1
4 16 1 1 -1 1 0 -1 -1 0 -1 -1 1 -1
4 16 1 1 1 1 0 1 1 0 -1 1 1 -1
0 NOFILE
0 FILE stud.dat
0 Stud
0 Name: stud.dat
0 Author: James Jessiman
0 !LDRAW_ORG Primitive UPDATE 2012-01
0 !LICENSE Licensed under CC BY 4.0 : see CAreadme.txt

0 BFC CERTIFY CCW

0 !HISTORY 2002-04-04 [sbliss] Modified for BFC compliance
0 !HISTORY 2002-04-25 [PTadmin] Official Update 2002-02
0 !HISTORY 2007-06-24 [PTadmin] Header formatted for Contributor Agreement
0 !HISTORY 2008-07-01 [PTadmin] Official Update 2008-01
0 !HISTORY 2012-02-16 [Philo] Changed to CCW
0 !HISTORY 2012-03-30 [PTadmin] Official Update 2012-01


1 16 0 0 0 6 0 0 0 1 0 0 0 6 4-4edge.dat
1 16 0 -4 0 6 0 0 0 1 0 0 0 6 4-4edge.dat
1 16 0 0 0 6 0 0 0 -4 0 0 0 6 4-4cyli.dat
1 16 0 -4 0 6 0 0 0 1 0 0 0 6 4-4disc.dat
0 NOFILE
0 FILE 1-4edge.dat
0 Circle 0.25
0 Name: 1-4edge.dat
0 Author: James Jessiman
0 !LDRAW_ORG Primitive UPDATE 2017-01
0 !LICENSE Licensed under CC BY 4.0 : see CAreadme.txt

0 BFC CERTIFY CCW

0 !HISTORY 2007-06-22 [PTadmin] Header formatted for Contributor Agreement
0 !HISTORY 2008-07-01 [PTadmin] Official Update 2008-01
0 !HISTORY 2017-01-15 [Steffen] BFCed
0 !HISTORY 2017-12-30 [PTadmin] Official Update 2017-01


2 24 1 0 0 0.9239 0 0.3827
2 24 0.9239 0 0.3827 0.7071 0 0.7071
2 24 0.7071 0 0.7071 0.3827 0 0.9239
2 24 0.3827 0 0.9239 0 0 1
0 NOFILE
0 FILE rect3.dat
0 Rectangle with 3 Edges
0 Name: rect3.dat
0 Author: Mark Kennedy [mkennedy]
0 !LDRAW_ORG Primitive UPDATE 2010-01
0 !LICENSE Licensed under CC BY 4.0 : see CAreadme.txt

0 BFC CERTIFY CCW

0 !HISTORY 2003-08-01 [PTadmin] Official Update 2003-02
0 !HISTORY 2007-06-24 [PTadmin] Header formatted for Contributor Agreement
0 !HISTORY 2008-07-01 [PTadmin] Official Update 2008-01
0 !HISTORY 2010-01-17 [mikeheide] Change winding to CCW
0 !HISTORY 2010-04-05 [PTadmin] Official Update 2010-01


2 24 1 0 1 -1 0 1
2 24 1 0 1 1 0 -1
2 24 -1 0 1 -1 0 -1
4 16 -1 0 1 -1 0 -1 1 0 -1 1 0 1
0 //
0 NOFILE
0 FILE rect.dat
0 Rectangle
0 Name: rect.dat
0 Author: James Jessiman
0 !LDRAW_ORG Primitive UPDATE 2010-01
0 !LICENSE Licensed under CC BY 4.0 : see CAreadme.txt

0 BFC CERTIFY CCW

0 !HISTORY 2002-04-05 [hafhead] Added BFC statement
0 !HISTORY 2002-04-25 [PTadmin] Official Update 2002-02
0 !HISTORY 2007-06-24 [PTadmin] Header formatted for Contributor Agreement
0 !HISTORY 2008-07-01 [PTadmin] Official Update 2008-01
0 !HISTORY 2010-01-17 [mikeheide] changed winding to CCW
0 !HISTORY 2010-04-05 [PTadmin] Official Update 2010-01


2 24 1 0 1 -1 0 1
2 24 -1 0 1 -1 0 -1
2 24 -1 0 -1 1 0 -1
2 24 1 0 -1 1 0 1
4 16 -1 0 1 -1 0 -1 1 0 -1 1 0 1
0
0 NOFILE
0 FILE 1-4cyli.dat
0 Cylinder 0.25
0 Name: 1-4cyli.dat
0 Author: James Jessiman
0 !LDRAW_ORG Primitive UPDATE 2012-01
0 !LICENSE Licensed under CC BY 4.0 : see CAreadme.txt

0 BFC CERTIFY CCW

0 !HISTORY 2002-03-23 [sbliss] Added BFC statement.
0 !HISTORY 2002-04-25 [PTadmin] Official Update 2002-02
0 !HISTORY 2007-06-22 [PTadmin] Header formatted for Contributor Agreement
0 !HISTORY 2008-07-01 [PTadmin] Official Update 2008-01
0 !HISTORY 2012-02-16 [Philo] Changed to CCW
0 !HISTORY 2012-03-30 [PTadmin] Official Update 2012-01


4 16 1 1 0 0.9239 1 0.3827 0.9239 0 0.3827 1 0 0
5 24 1 0 0 1 1 0 0.9239 0 0.3827 1 0 -1
4 16 0.9239 1 0.3827 0.7071 1 0.7071 0.7071 0 0.7071 0.9239 0 0.3827
5 24 0.9239 0 0.3827 0.9239 1 0.3827 0.7071 0 0.7071 1 0 0
4 16 0.7071 1 0.7071 0.3827 1 0.9239 0.3827 0 0.9239 0.7071 0 0.7071
5 24 0.7071 0 0.7071 0.7071 1 0.7071 0.3827 0 0.9239 0.9239 0 0.3827
4 16 0.3827 1 0.9239 0 1 1 0 0 1 0.3827 0 0.9239
5 24 0.3827 0 0.9239 0.3827 1 0.9239 0 0 1 0.7071 0 0.7071
5 24 0 0 1 0 1 1 0.3827 0 0.9239 -1 0 1
0 NOFILE
0 FILE 1-4ndis.dat
0 Disc Negative 0.25
0 Name: 1-4ndis.dat
0 Author: James Jessiman
0 !LDRAW_ORG Primitive UPDATE 2012-01
0 !LICENSE Licensed under CC BY 4.0 : see CAreadme.txt

0 BFC CERTIFY CCW

0 !HISTORY 2002-03-23 [sbliss] Added BFC Statement
0 !HISTORY 2002-04-25 [PTadmin] Official Update 2002-02
0 !HISTORY 2007-06-22 [PTadmin] Header formatted for Contributor Agreement
0 !HISTORY 2008-07-01 [PTadmin] Official Update 2008-01
0 !HISTORY 2012-02-16 [Philo] Changed to CCW
0 !HISTORY 2012-03-30 [PTadmin] Official Update 2012-01


3 16 0.9239 0 0.3827 1 0 0 1 0 1
3 16 0.7071 0 0.7071 0.9239 0 0.3827 1 0 1
3 16 0.3827 0 0.9239 0.7071 0 0.7071 1 0 1
3 16 0 0 1 0.3827 0 0.9239 1 0 1
0 NOFILE
0 FILE p/48/1-4edge.dat
0 Hi-Res Circle 0.25
0 Name: 48\1-4edge.dat
0 Author: Magnus Forsberg [MagFors]
0 !LDRAW_ORG 48_Primitive UPDATE 2024-01
0 !LICENSE Licensed under CC BY 4.0 : see CAreadme.txt

0 BFC CERTIFY CCW

0 !HISTORY 1999-07-05 [PTadmin] Official Update 1999-05
0 !HISTORY 2007-06-24 [PTadmin] Header formatted for Contributor Agreement
0 !HISTORY 2008-07-01 [PTadmin] Official Update 2008-01
0 !HISTORY 2010-03-17 [MagFors] Updated description
0 !HISTORY 2010-05-21 [mikeheide] BFC'ed and compacted numbers (saved 10% filesize)
0 !HISTORY 2010-07-05 [PTadmin] Official Update 2010-02
0 !HISTORY 2024-01-02 [MagFors] Complete regeneration, original by Manfred Moolhuysen
0 !HISTORY 2024-01-29 [OrionP] Official Update 2024-01

2 24 1 0 0 0.9914 0 0.1305
2 24 0.9914 0 0.1305 0.9659 0 0.2588
2 24 0.9659 0 0.2588 0.9239 0 0.3827
2 24 0.9239 0 0.3827 0.866 0 0.5
2 24 0.866 0 0.5 0.7934 0 0.6088
2 24 0.7934 0 0.6088 0.7071 0 0.7071
2 24 0.7071 0 0.7071 0.6088 0 0.7934
2 24 0.6088 0 0.7934 0.5 0 0.866
2 24 0.5 0 0.866 0.3827 0 0.9239
2 24 0.3827 0 0.9239 0.2588 0 0.9659
2 24 0.2588 0 0.9659 0.1305 0 0.9914
2 24 0.1305 0 0.9914 0 0 1
0 // Build by LDPartEditor (PrimGen 2.X)
0 NOFILE
0 FILE p/48/1-4ring9.dat
0 Hi-Res Ring  9 x 0.25
0 Name: 48\1-4ring9.dat
0 Author: Paul Easter [pneaster]
0 !LDRAW_ORG 48_Primitive UPDATE 2014-02
0 !LICENSE Licensed under CC BY 4.0 : see CAreadme.txt

0 BFC CERTIFY CCW

0 !HISTORY 2002-08-18 [PTadmin] Official Update 2002-04
0 !HISTORY 2007-06-24 [PTadmin] Header formatted for Contributor Agreement
0 !HISTORY 2008-07-01 [PTadmin] Official Update 2008-01
0 !HISTORY 2012-02-27 [Philo] Changed to CCW
0 !HISTORY 2012-08-09 [PTadmin] Official Update 2012-02
0 !HISTORY 2014-12-20 [MMR1988] Fixed a rounding issue
0 !HISTORY 2014-12-23 [PTadmin] Official Update 2014-02


4 16 10 0 0 9.914 0 1.305 8.9226 0 1.1745 9 0 0
4 16 9.914 0 1.305 9.659 0 2.588 8.6931 0 2.3292 8.9226 0 1.1745
4 16 9.659 0 2.588 9.239 0 3.827 8.3151 0 3.4443 8.6931 0 2.3292
4 16 9.239 0 3.827 8.66 0 5 7.794 0 4.5 8.3151 0 3.4443
4 16 8.66 0 5 7.934 0 6.088 7.1406 0 5.4792 7.794 0 4.5
4 16 7.934 0 6.088 7.071 0 7.071 6.3639 0 6.3639 7.1406 0 5.4792
4 16 7.071 0 7.071 6.088 0 7.934 5.4792 0 7.1406 6.3639 0 6.3639
4 16 6.088 0 7.934 5 0 8.66 4.5 0 7.794 5.4792 0 7.1406
4 16 5 0 8.66 3.827 0 9.239 3.4443 0 8.3151 4.5 0 7.794
4 16 3.827 0 9.239 2.588 0 9.659 2.3292 0 8.6931 3.4443 0 8.3151
4 16 2.588 0 9.659 1.305 0 9.914 1.1745 0 8.9226 2.3292 0 8.6931
4 16 1.305 0 9.914 0 0 10 0 0 9 1.1745 0 8.9226
0 // Build by Primitive Generator 2
0 NOFILE
0 FILE p/48/1-4cyli.dat
0 Hi-Res Cylinder 0.25
0 Name: 48\1-4cyli.dat
0 Author: Magnus Forsberg [MagFors]
0 !LDRAW_ORG 48_Primitive UPDATE 2024-01
0 !LICENSE Licensed under CC BY 4.0 : see CAreadme.txt

0 BFC CERTIFY CCW

0 !HISTORY 1999-07-05 [PTadmin] Official Update 1999-05
0 !HISTORY 2002-02-28 [hafhead] Added BFC statement
0 !HISTORY 2002-04-25 [PTadmin] Official Update 2002-02
0 !HISTORY 2007-06-24 [PTadmin] Header formatted for Contributor Agreement
0 !HISTORY 2008-07-01 [PTadmin] Official Update 2008-01
0 !HISTORY 2008-07-07 [guyvivan] Made BFC'ed CCW (2005-12-06)
0 !HISTORY 2009-05-02 [PTadmin] Official Update 2009-01
0 !HISTORY 2024-01-03 [MagFors] Complete regeneration, original by Manfred Moolhuysen
0 !HISTORY 2024-01-29 [OrionP] Official Update 2024-01

4 16 0.9914 0 0.1305 1 0 0 1 1 0 0.9914 1 0.1305
4 16 0.9659 0 0.2588 0.9914 0 0.1305 0.9914 1 0.1305 0.9659 1 0.2588
4 16 0.9239 0 0.3827 0.9659 0 0.2588 0.9659 1 0.2588 0.9239 1 0.3827
4 16 0.866 0 0.5 0.9239 0 0.3827 0.9239 1 0.3827 0.866 1 0.5
4 16 0.7934 0 0.6088 0.866 0 0.5 0.866 1 0.5 0.7934 1 0.6088
4 16 0.7071 0 0.7071 0.7934 0 0.6088 0.7934 1 0.6088 0.7071 1 0.7071
4 16 0.6088 0 0.7934 0.7071 0 0.7071 0.7071 1 0.7071 0.6088 1 0.7934
4 16 0.5 0 0.866 0.6088 0 0.7934 0.6088 1 0.7934 0.5 1 0.866
4 16 0.3827 0 0.9239 0.5 0 0.866 0.5 1 0.866 0.3827 1 0.9239
4 16 0.2588 0 0.9659 0.3827 0 0.9239 0.3827 1 0.9239 0.2588 1 0.9659
4 16 0.1305 0 0.9914 0.2588 0 0.9659 0.2588 1 0.9659 0.1305 1 0.9914
4 16 0 0 1 0.1305 0 0.9914 0.1305 1 0.9914 0 1 1
0 // conditional lines
5 24 1 1 0 1 0 0 1 1 -0.1317 0.9914 1 0.1305
5 24 0.9914 1 0.1305 0.9914 0 0.1305 1 1 0 0.9659 1 0.2588
5 24 0.9659 1 0.2588 0.9659 0 0.2588 0.9914 1 0.1305 0.9239 1 0.3827
5 24 0.9239 1 0.3827 0.9239 0 0.3827 0.9659 1 0.2588 0.866 1 0.5
5 24 0.866 1 0.5 0.866 0 0.5 0.9239 1 0.3827 0.7934 1 0.6088
5 24 0.7934 1 0.6088 0.7934 0 0.6088 0.866 1 0.5 0.7071 1 0.7071
5 24 0.7071 1 0.7071 0.7071 0 0.7071 0.7934 1 0.6088 0.6088 1 0.7934
5 24 0.6088 1 0.7934 0.6088 0 0.7934 0.7071 1 0.7071 0.5 1 0.866
5 24 0.5 1 0.866 0.5 0 0.866 0.6088 1 0.7934 0.3827 1 0.9239
5 24 0.3827 1 0.9239 0.3827 0 0.9239 0.5 1 0.866 0.2588 1 0.9659
5 24 0.2588 1 0.9659 0.2588 0 0.9659 0.3827 1 0.9239 0.1305 1 0.9914
5 24 0.1305 1 0.9914 0.1305 0 0.9914 0.2588 1 0.9659 0 1 1
5 24 0 1 1 0 0 1 0.1305 1 0.9914 -0.1317 1 1
0 // Build by LDPartEditor (PrimGen 2.X)
0 NOFILE
